Area 1
-122.46881993953139,37.77157778773029
-122.46895136777312,37.77143573579287
-122.46879579965025,37.7712830826604
-122.46866168919951,37.77134032762201
Area 2
-122.46829361887649,37.77216500793205
-122.46836335631087,37.77224239370585
-122.46841029496863,37.77220635102677
-122.46853635879233,37.77211094385025
-122.46852294774726,37.77201871679591
Area 3
-122.46829227777198,37.772098222884075
-122.46832044096664,37.77216500793205
-122.46854306431487,37.77201871679591
-122.46850953670219,37.771931790041705

Area 4
-122.46841163607314,37.77183426234214
-122.46852697106078,37.771907408128904
-122.46828289004043,37.772095042642185
-122.46821047039703,37.7719561719465

Area 5
-122.4684792989865,37.771673195594765
-122.4685168499127,37.77169863767115
-122.46876629535109,37.77156930702527
-122.46870192233473,37.77154598508144

Area 6
-122.4682647222653,37.77186189078642
-122.46821644250304,37.77182796809083
-122.4684632057324,37.771683796461
-122.46849539224058,37.77171559905056

Area 7

Area 8
-122.46773900929838,37.7718682512901
-122.46784361544997,37.77177920418866
-122.46782289119437,37.77172189331146
-122.46780545683578,37.77168161003247
-122.46774242492393,37.7716508675153
-122.46764586539939,37.77162860568454
-122.46752650709823,37.77169433107029
-122.46751846047118,37.771808820312444
-122.46761367889121,37.771874545538026

Area 9
-122.46837006183341,37.77222649252605
-122.46845052810386,37.772329320094904
-122.4688555416651,37.77227949644537
-122.46904597850516,37.77217878896618
-122.46888772817329,37.7721035232869
-122.4686932680197,37.7720833817541
-122.46856988640502,37.772084441834934

Area 10
-122.4688226217404,37.77128520284494
-122.46898623649031,37.77143361561265
-122.46913375798613,37.77131064505487
-122.46917935553938,37.7712343183989
-122.46905865613371,37.7712343183989

Area 11
-122.4689835542813,37.771172832979836
-122.46914180461317,37.77124915969928
-122.46927591506392,37.771208876162724
-122.46917935553938,37.7710816648506

Area 12
-122.46774108381942,37.772101403125816
-122.46766061754897,37.772439568051105
-122.4674500641413,37.77244804865638
-122.46767939301208,37.77208338175415

Area 13
-122.4678108212538,37.77202613736776
-122.4675935623236,37.77206854062117
-122.46765793533996,37.772119424493134
-122.4676646408625,37.77208974223875
-122.46775181265548,37.77209610272284
-122.46773571940139,37.77213744585608
-122.46763915987685,37.77240246539186
-122.46783093782142,37.772416246381745

Area 14
-122.46800125809386,37.77200387564998
-122.46782020898536,37.7720473389975
-122.46784434886649,37.77237490340441
-122.46799455257133,37.77237384332778

Area 15
-122.46770487399772,37.7718766657056
-122.46780545683578,37.77203779826488
-122.46761636110023,37.77205899989127
-122.46747822733596,37.771925429543494
-122.46752918930724,37.77186712495096

Area 16

Area 17
-122.46785641880706,37.771756876141204
-122.46769548626617,37.771895747211204
-122.46783630223945,37.772033557938876
-122.46795968385413,37.77204415875343
-122.46795700164512,37.77199751515798

Area 18

Area 19

Area 20
-122.46848198119551,37.77123007802679
-122.46859463397413,37.77129792395102
-122.46891649905592,37.77113890996814
-122.46879579965025,37.77100745815076

Area 21
-122.46908547822386,37.771251279884794
-122.46908816043288,37.77121947709552
-122.46891649905592,37.771151631099336
-122.46859195176512,37.77128520284494
-122.46865364257246,37.77132336615653

Area 22
-122.46857317630202,37.77160535001491
-122.46877702418715,37.77149934117173
-122.46865632478148,37.77137425054133
-122.46845515910536,37.77146329813044

Area 23
-122.4682271713391,37.771406053264016
-122.46847393456846,37.7712343183989
-122.46861877385527,37.77132336615653
-122.46836128178984,37.77150146135009

Area 24
-122.46807964984328,37.771847049609015
-122.46820303145796,37.771946697457274
-122.46831031981856,37.77191913529993
-122.46816816274077,37.7718491697774

Area 25
-122.468929910101,37.77179192520972
-122.46856244746596,37.772076027443056
-122.46841760817915,37.77181736724529
-122.4687314266339,37.77161595089086

Area 26
-122.46920617762953,37.77160959036547
-122.46890040580183,37.77183856893488
-122.46876629535109,37.77160959036547
-122.46912302915007,37.771427255071565

Area 27
-122.46951463166624,37.771408173445074
-122.4693456524983,37.77126824136682
-122.46914180461317,37.77139333217657
-122.46914448682219,37.771673195594765

Area 28
-122.4679905292578,37.771021173144646
-122.46802605687049,37.77105933659249
-122.4681722372618,37.77136994392157
-122.46776185928252,37.77164238681863
-122.46760826784617,37.77142188836461

Area 29
-122.46884839609265,37.77088442062813
-122.46862374943089,37.770562150131575
-122.46803300455213,37.771058276496966
-122.46817918494344,37.77136676364835

Area 30
-122.4692260729928,37.770381998721746
-122.46914092451334,37.770320512593976
-122.46866885572672,37.7706025002768
-122.46885124593973,37.77087812629593
-122.46903212741017,37.770760389057195

Area 31
-122.46972816064954,37.77104873563674
-122.46963294222951,37.77100209141335
-122.46962623670697,37.77095544716052
-122.46975498273969,37.770856858074794
-122.46994273737073,37.77094908657832

Area 32
-122.4696042644639,37.77102160380867
-122.46968273073435,37.7711042912536
-122.46959958225489,37.77114669503567
-122.46951911598444,37.77110853163292

Area 33
-122.46908240717244,37.7707805309504
-122.46904485624623,37.770762509256755
-122.46778355911374,37.77165298768931
-122.46782242783092,37.77168161003247

Area 34
-122.46814134065062,37.77185341011396
-122.4685517186299,37.77161595089086
-122.46853830758482,37.77153962455002
-122.46800991240889,37.771764362994666
-122.46814134065062,37.77185341011396
-122.4685517186299,37.77161595089086
-122.46853830758482,37.77153962455002
-122.46800991240889,37.771764362994666

Area 35
-122.4684980744496,37.77155234561233
-122.46800186578184,37.77175588231104
-122.46789189521223,37.771649873683685
-122.46821644250304,37.771420894529946
-122.46834787074476,37.77151842277471
-122.46845321031287,37.77147171259201

Area 36
-122.46706430800259,37.77136802250653
-122.46875409968197,37.77028248127814
-122.469118880108,37.770312164258044
-122.46720378287137,37.77162668427622

Area 37
-122.46619259007275,37.77076588832466
-122.4668243760243,37.77113042921278
-122.46721597854048,37.77159262896174
-122.46693971101195,37.771709238533745
-122.46654006186873,37.77158626843434
-122.46620746795088,37.771325486339926
-122.46608945075423,37.77106046294394

Area 38
-122.46932867914438,37.77110074656134
-122.4695834890008,37.77075515481434
-122.46945206075907,37.77068306798865
-122.46923611961984,37.77089296766779

Area 39
-122.46972816064954,37.77085367777952
-122.46960075572133,37.77077417035316
-122.46932851150632,37.77111446153792
-122.46943243544888,37.77115792540825

Area 40
-122.46932867914438,37.77110074656134
-122.4695834890008,37.77075515481434
-122.46945206075907,37.77068306798865
-122.46923611961984,37.77089296766779

Area 41

Area 42
-122.46940627225422,37.77117382681783
-122.46918364890598,37.771073117832714
-122.46888794701886,37.771204569533346
-122.4692184943097,37.77090350238986

Area 43
-122.46908996254206,37.77099897738032
-122.46919993311167,37.77089508786356
-122.46908191591501,37.770786957803324
-122.46879760175943,37.77099685718756
-122.4689531698823,37.771132549401706

Area 44
-122.46952716261148,37.77139121199514
-122.46968273073435,37.7712597606263
-122.46948424726725,37.7711410301568
-122.4693689122796,37.771255520255664

Area 45
-122.4670579657095,37.771363782142096
-122.46736301109877,37.77115375128767
-122.46708674357023,37.77094809273729
-122.46678365395155,37.771111347509674

Area 46
-122.4662173445995,37.77076886981186
-122.46660492380215,37.770479462037194
-122.46709040363385,37.77094378604959
-122.46681413610531,37.77111128121058

Area 47
-122.46749443927911,37.770661865924595
-122.46777338901666,37.77090780899359
-122.4673844687095,37.77114739067939
-122.46711356559899,37.77092689074921

Area 48
-122.46708772142483,37.77012538654816
-122.46750078161313,37.77065437899185
-122.46709442694737,37.770937425514894
-122.46662101705624,37.770475221670345

Area 49
-122.46791018167642,37.770362916836305
-122.46819717804101,37.77063006293574
-122.46778948227075,37.77089932826564
-122.46752394357827,37.77065126496577

Area 50
-122.46751321474221,37.770644904346625
-122.46789945284036,37.770348075347236
-122.4674381128898,37.769841343087805
-122.46712161222604,37.770142414556034

Area 51
-122.46746761724012,37.76984558351796
-122.46796382590787,37.769593276217115
-122.46843321248548,37.76999823961814
-122.4679316393997,37.77035443595959

Area 52
-122.46882213279264,37.77024630510872
-122.46840236708181,37.76999611939668
-122.46794602833518,37.7703660308745
-122.468263870106,37.77064271787657

Area 53
-122.468836521723,37.77024093833762
-122.46935418806288,37.77030772506312
-122.46887943706724,37.76982537513463
-122.46853343210432,37.770050118789484

Area 54
-122.46791518290593,37.76952430237555
-122.46819010932995,37.76936316433893
-122.46889284809185,37.76955398565978
-122.46830410321309,37.76995152849669

Area 55
-122.468344336379,37.76993986726518
-122.4685052689199,37.77006920076108
-122.46891832910819,37.769813713883195
-122.4687573965673,37.76962713369682

Area 56
-122.46972816064954,37.77085367777952
-122.46960075572133,37.77077417035316
-122.46932851150632,37.77111446153792
-122.46943243544888,37.77115792540825

Area 57
-122.46940627225422,37.77117382681783
-122.46918364890598,37.771073117832714

Area 58

Area 59
-122.4694431759417,37.77076058782594

Area 60
-122.46347794309258,37.76952238091255

Area 61
-122.46922080405056,37.77090303859705
-122.46907060034573,37.77074614396498
-122.46922080405056,37.770415392028355
-122.46944610960782,37.77067829753448

Area 62
-122.46801380999386,37.77238292023355
-122.46843223460019,37.772344757468865
-122.46819083578885,37.7719843303863
-122.46786897070706,37.771674785724784
-122.46782605536282,37.771687506763804
-122.46801380999386,37.7720140126830
